Xi2Cet 2 28 09.5179 8 27 36.319 41.72 -14.46 18.53
alpCMi 7 39 18.5381 5 13 39.028 -716.57 -1034.58 285.93
omiCet 2 19 20.7866 -2 58 37.418 10.33 -239.48 7.79
alpSco 16 29 24.4675 -26 25 55.006 -10.16 -23.21 5.40
alpOri 5 55 10.2892 7 24 25.331 27.33 10.86 7.63
alpTau 4 35 55.2005 16 30 35.142 62.78 -189.36 50.09
delVir 12 55 36.4833 3 23 51.355 -471.44 -52.81 16.11
RLeo 9 47 33.4907 11 25 44.020 -0.57 -42.70 9.87
CWLeo 9 47 57.382 13 16 43.66 0 0 0
alpAur 5 16 41.2956 45 59 56.505 75.52 -427.13 77.29
RHya 13 29 42.8189 -23 16 52.888 -60.73 11.01 1.62
alpTrA 16 48 39.8658 -69 01 39.486 17.85 -32.92 7.85
RCas 23 58 24.7936 51 23 19.545 84.39 18.07 9.37
alpCen 14 39 39.3908 -60 50 22.097 -3600.35 952.11 742.12
gamCru 12 31 09.9293 -57 06 45.249 27.94 -264.33 37.09
etaCar 10 45 03.591 -59 41 04.26 -7.6 1.0 0 $
betGru 22 42 39.9349 -46 53 04.437 135.68 -4.51 19.17
RSCnc 9 10 38.8054 30 57 47.589 -9.41 -33.05 8.21
epsMus 12 17 34.6363 -67 57 38.418 -231.26 -26.37 10.80
TXCam 05 00 50.39 56 10 52.6 0 0 2.63
betPeg 23 03 46.3334 28 04 56.837 187.76 137.61 16.37
alCenA 14 39 40.8985 -60 50 06.529 -3678.19 481.84 742.12
alCenB 14 39 39.3908 -60 50 22.097 -3600.35 952.11 742.12
alCenAd 14 39 39.9456 -60 50 11.018 -3678.19 481.84 742.12
alpCMa 06 45 09.2499 -16 42 47.315 -546.01 -1223.08 379.21
alpHya 09 27 35.2518 -08 39 31.260 -14.49 33.25 18.40
lamVel 09 07 59.7771 -43 25 57.447 -23.21 14.28 5.69
alpCet 03 02 16.7791 04 05 23.731 -11.81 -78.76 14.82
alpLyr 18 36 56.1860 38 46 58.775 201.02 287.46 128.93
RLyr 18 55 20.0852 43 56 45.213 19.94 80.60 9.33
gamEri 03 58 01.7301 -13 30 29.681 60.51 -111.34 14.75
L2Pup 07 13 32.2309 -44 38 25.906 107.12 325.32 16.46
WHya 13 49 02.0305 -28 22 02.967 -49.05 -59.58 8.73
muCep 21 43 30.4549 58 46 48.191 5.24 -2.88 0.62
RDor 04 36 45.6776 -62 04 37.133 -68.46 -71.22 16.02
RCar 09 32 14.6476 -62 47 20.119 -36.22 19.70 7.84
2Cen 13 49 26.7513 -34 27 02.269 -42.59 -59.87 18.39
betAnd 01 09 43.7976 35 37 14.990 175.59 -112.23 16.36
alpHer 17 14 38.8624 14 23 24.911 -6.71 32.78 8.53
XOph 18 38 21.1337 08 50 02.569 -13.80 27.17 25.80
56Leo 10 56 01.4830 06 11 07.383 -22.45 -5.48 10.03
30Psc 00 01 57.5916 -06 00 50.298 46.62 -41.32 7.86
RAql 19 06 22.2491 08 13 48.593 5.18 -67.05 4.73
epsPeg 21 44 11.1403 09 52 30.028 30.02 1.38 4.85
rhoPer 03 05 10.4970 38 50 25.919 128.69 -106.61 10.03
VYCMa 07 22 58.3251 -25 46 03.180 9.84 0.75 1.78
